  2
  8
  9
 11
 12
 18
 22
 23
 24
 25
 26
 27
 28
 31
 32
 33
 36
 37
 40
 42
 43
 47
 48
 51
 52
 53
 54
 55
 56
 58
 59
 60
 68
 69
 70
 71
 73
 74
 75
 76
 78
 79
 85
 86
 87
 88
 92
 95
 97
 98
102
104
105
106
107
108
109
110
112
113
114
116
117
119
120
123
124
126
130
131
132
133
135
137
138
139
140
141
148
149
151
152
153
154
160
161
162
163
168
171
173
174
175
176
178
179
181
182
183
186
188
189
195
197
198
201
204
205
206
210
213
214
218
219
220
224
226
228
229
232
235
236
239
240
242
243
244
246
250
253
254
255
256
260
261
262
263
265
268
271
274
275
276
277
278
280
281
284
286
287
288
289
290
293
295
296
301
303
305
306
307
308
310
312
313
314
315
317
318
319
320
329
332
335
341
344
345
346
347
348
351
353
354
358
359
360
362
363
364
367
369
370
371
372
375
376
378
379
380
384
386
388
389
390
394
396
397
400
404
405
406
408
409
411
412
415
420
421
422
424
426
433
435
439
444
445
446
448
449
450
452
454
458
459
463
465
473
475
476
477
478
479
481
486
488
489
492
493
494
497
498
502
504
508
509
511
512
514
516
519
520
526
530
531
532
535
539
541
542
543
546
550
551
552
553
556
557
558
560
561
563
567
568
569
572
573
574
578
579
580
581
582
583
584
586
587
591
592
593
597
599
601
603
608
609
613
614
615
616
619
620
621
622
628
631
632
634
635
636
637
639
640
642
646
650
651
655
656
657
660
664
667
669
670
671
673
674
676
677
678
679
680
684
686
690
697
700
701
703
704
706
708
710
711
712
714
715
716
720
724
726
727
730
732
733
734
735
736
739
740
742
743
745
746
747
748
751
753
755
756
757
758
761
762
767
769
771
772
775
777
786
787
791
792
797
801
802
803
804
805
808
810
811
814
815
821
829
830
833
834
835
837
838
840
842
845
848
849
851
855
856
857
858
860
862
864
865
868
870
871
874
876
879
882
887
890
891
894
896
897
898
901
903
905
908
909
915
916
918
921
922
923
924
927
928
930
931
932
933
934
935
938
939
940
942
943
944
953
955
957
958
967
968
969
974
975
976
979
980
983
986
987
988
993
996
999
  3
  4
  7
 10
 14
 16
 20
 21
 29
 35
 38
 39
 49
 57
 62
 65
 66
 67
 77
 83
 84
 91
 96
125
127
143
145
155
165
167
180
184
187
193
199
203
208
211
212
216
223
269
270
273
298
299
311
316
322
323
327
328
330
333
338
342
350
352
357
365
368
373
402
410
414
417
423
428
432
438
441
442
447
451
460
461
469
471
472
482
495
496
503
505
521
522
524
528
529
536
537
548
562
564
565
589
594
595
596
600
625
629
643
652
659
663
681
685
694
695
699
705
719
721
722
729
731
737
738
741
752
766
768
770
773
780
781
784
794
795
796
806
818
825
827
839
847
854
873
877
878
893
895
900
902
904
906
911
925
929
936
937
941
946
948
949
952
959
961
963
970
973
982
992
994
995
 19
 34
 41
 61
 72
 80
 90
 93
 99
129
136
142
144
147
150
166
169
190
191
192
200
202
207
209
217
222
225
230
231
247
249
252
258
259
267
283
291
300
309
331
334
336
340
349
355
366
377
381
383
401
413
419
425
427
437
453
462
464
483
501
510
515
525
533
540
544
545
547
570
575
576
598
602
605
645
653
654
658
662
672
687
689
691
698
702
709
713
717
728
750
754
759
774
776
785
788
793
798
809
813
816
820
822
823
824
826
831
836
843
846
850
853
861
892
899
910
912
920
926
945
947
960
962
965
966
972
978
984
985
989
