  2
  8
  9
 11
 12
 18
 22
 23
 24
 25
 26
 27
 28
 31
 32
 33
 36
 37
 40
 42
 43
 47
 48
 51
 52
 53
 54
 55
 56
 58
 59
 60
 68
 69
 70
 71
 73
 74
 75
 76
 78
 79
 85
 86
 87
 88
 92
 95
 97
 98
102
104
105
106
107
108
109
110
112
113
114
116
117
119
120
123
124
126
130
131
132
133
135
137
138
139
140
141
148
149
151
152
153
154
160
161
162
163
168
171
173
174
175
176
178
179
181
182
183
186
188
189
195
197
198
201
204
205
206
210
213
214
218
219
220
224
226
228
229
232
235
236
239
240
242
243
244
246
250
253
254
255
256
260
261
262
263
265
268
271
274
275
276
277
278
280
281
284
286
287
288
289
290
293
295
296
301
303
305
306
307
308
310
312
313
314
315
317
318
319
320
329
332
335
341
344
345
346
347
348
351
353
354
358
359
360
362
363
364
367
369
370
371
372
375
376
378
379
380
384
386
388
389
390
394
396
397
400
404
405
406
408
409
411
412
415
420
421
422
424
426
433
435
439
444
445
446
448
449
450
452
454
458
459
463
465
473
475
476
477
478
479
481
486
488
489
492
493
494
497
498
502
504
508
509
511
512
514
516
519
520
526
530
531
532
535
539
541
542
543
546
550
551
552
553
556
557
558
560
561
563
567
568
569
572
573
574
578
579
580
581
582
583
584
586
587
591
592
593
597
599
601
603
608
609
613
614
615
616
619
620
621
622
628
631
632
634
635
636
637
639
640
642
646
650
651
655
656
657
660
664
667
669
670
671
673
674
676
677
678
679
680
684
686
690
697
700
701
703
704
706
708
710
711
712
714
715
716
720
724
726
727
730
732
733
734
735
736
739
740
742
743
745
746
747
748
751
753
755
756
757
758
761
762
767
769
771
772
775
777
786
787
791
792
797
801
802
803
804
805
808
810
811
814
815
821
829
830
833
834
835
837
838
840
842
845
848
849
851
855
856
857
858
860
862
864
865
868
870
871
874
876
879
882
887
890
891
894
896
897
898
901
903
905
908
909
915
916
918
921
922
923
924
927
928
930
931
932
933
934
935
938
939
940
942
943
944
953
955
957
958
967
968
969
974
975
976
979
980
983
986
987
988
993
996
999
