 19
 34
 41
 61
 72
 80
 90
 93
 99
129
136
142
144
147
150
166
169
190
191
192
200
202
207
209
217
222
225
230
231
247
249
252
258
259
267
283
291
300
309
331
334
336
340
349
355
366
377
381
383
401
413
419
425
427
437
453
462
464
483
501
510
515
525
533
540
544
545
547
570
575
576
598
602
605
645
653
654
658
662
672
687
689
691
698
702
709
713
717
728
750
754
759
774
776
785
788
793
798
809
813
816
820
822
823
824
826
831
836
843
846
850
853
861
892
899
910
912
920
926
945
947
960
962
965
966
972
978
984
985
989
