  3
  4
  7
 10
 14
 16
 20
 21
 29
 35
 38
 39
 49
 57
 62
 65
 66
 67
 77
 83
 84
 91
 96
125
127
143
145
155
165
167
180
184
187
193
199
203
208
211
212
216
223
269
270
273
298
299
311
316
322
323
327
328
330
333
338
342
350
352
357
365
368
373
402
410
414
417
423
428
432
438
441
442
447
451
460
461
469
471
472
482
495
496
503
505
521
522
524
528
529
536
537
548
562
564
565
589
594
595
596
600
625
629
643
652
659
663
681
685
694
695
699
705
719
721
722
729
731
737
738
741
752
766
768
770
773
780
781
784
794
795
796
806
818
825
827
839
847
854
873
877
878
893
895
900
902
904
906
911
925
929
936
937
941
946
948
949
952
959
961
963
970
973
982
992
994
995
