entry
  0
  1
  5
  6
 13
 15
 17
 30
 44
 45
 46
 50
 63
 64
 81
 82
 89
 94
100
101
103
111
115
118
121
122
128
134
146
156
157
158
159
164
170
172
177
185
194
196
215
221
227
233
234
237
238
241
245
248
251
257
264
266
272
279
282
285
292
294
297
302
304
321
324
325
326
337
339
343
356
361
374
382
385
387
391
392
393
395
398
399
403
407
416
418
429
430
431
434
436
440
443
455
456
457
466
467
468
470
474
480
484
485
487
490
491
499
500
506
507
513
517
518
523
527
534
538
549
554
555
559
566
571
577
585
588
590
604
606
607
610
611
612
617
618
623
624
626
627
630
633
638
641
644
647
648
649
661
665
666
668
675
682
683
688
692
693
696
707
718
723
725
744
749
760
763
764
765
778
779
782
783
789
790
799
800
807
812
817
819
828
832
841
844
852
859
863
866
867
869
872
875
880
881
883
884
885
886
888
889
907
913
914
917
919
950
951
954
956
964
971
977
981
990
991
997
998